777915373
777915390
777915412
777915465
777915534
777915615
777915696
777915708
777915880
777915954
777933038
777933079
777933188
777933211
777933249
777933251
777933258
777933706
777933722
777933765
777934075
777934187
777934210
777934624
777934721
777934821
777934826
777934858
777934866
777934919
777942031
777942059
777942082
777942158
777942260
777942310
777942502
777942693
777942699
777942724
777957068
777957258
777957341
777957419
777957521
777957555
777957664
777957665
777957779
777957982
777962087
777962175
777962189
777962295
777962331
777962361
777962466
777962674
777962917
777962942
777972041
777972055
777972154
777972217
777972558
777972595
777972732
777972788
777972822
777972891
777978059
777978085
777978391
777978429
777978436
777978542
777978720
777978748
777978752
777978930
777983194
777983351
777983399
777983405
777983521
777983554
777983717
777983914
777983933
777983936
777998413
777998437
777998640
777998691
777998723
777998860
777998866
777998889
777998929
777998990
