67410032
67410218
67410279
67410290
67410351
67410363
67410528
67410570
67410605
67410776
67412097
67412122
67412175
67412303
67412350
67412458
67412499
67412540
67412676
67412729
67420004
67420457
67420474
67420733
67420744
67420764
67420780
67420809
67420821
67420952
67426012
67426132
67426194
67426301
67426355
67426388
67426438
67426724
67426892
67426933
67436087
67436222
67436355
67436418
67436421
67436719
67436804
67436878
67436961
67436979
67487065
67487080
67487112
67487144
67487244
67487407
67487422
67487502
67487808
67487850
67488071
67488266
67488268
67488383
67488489
67488492
67488847
67488934
67488946
67488973
67493117
67493280
67493364
67493498
67493646
67493650
67493669
67493700
67493812
67493880
67498087
67498369
67498429
67498456
67498621
67498687
67498705
67498947
67498995
67498998
67499131
67499207
67499214
67499322
67499358
67499608
67499646
67499700
67499896
67499987
